# CTA Pipeline configuration file example
# Format: 
# [section]
#   key = value

[reader]
  space                    = "  2b43after   "
  space2                   =   2b43after   
  space_list               = " jean ", " celine "
  space_list2              = " jean ,  celine "
  value_string             = test space   #comments
  value_string             = test_with_same_section/key

  unsigned_int_u           = 4294967295     #comments
  unsigned_int_U           = 4294967295
  unsigned_long_u          = 18446744073709551614        
  unsigned_long_U          = 18446744073709551614
  unsigned_hex_int         = 0x80000000
  unsigned_hex_long_int_max= 0x8000000000000000
  error_unsigned_int_U     = -12U            

  integer_min              = -2147483648      #comments
  integer_max              = 2147483647           

  long_integer_min         = -9223372036854775807
  long_integer_max         = 9223372036854775807

  hex_integer              = 0x7fffffff
  hex_minus_integer        = -0x2a
  hex_integer_upper_case   = 0x2A

  hex_long_integer_max     = 0x7fffffffffffffff

  float                    = 0.125659               
  float_without_dec        = 2.  
  max_float_exp            = 3.40282e+38     
  min_float_exp            = 1.17550e-38    
  negative_float           = -0.45221
  nageative_min_float_exp  = -1.17550e-38    

  double                   = 340283004324324234324242343255834534000.3    
  double_exp               = 3.40283e+38     
  negative_double_exp      =  -1.79769e+308   

  long_double_max          = 1.18973e+4932
  long_double_min          = 3.3621e-4931

  bool_true                = true
  bool_false               = fAlSe
  bool_yes                 = YeS
  bool_no                  = nO
  
  list_int_elem            = 1,5,7,8
  list_int_hex_elem        = 0x1,0x5a,0xd,0xF   # list comments
  list_int_octal_elem      = 01,05,0545454,0652
  list_str_elem            = "tel1"," tel 2 ","tel5 " ,"tel7"," tel12"
  list_uint_elem           = 4294967295,3294967295,2294967295
  list_ulong_elem          = 18446744073709551614,18446344073709551614
  list_float_elem          = 4.5,7.6,-1.2, 3.40282e+38,1.17550e-38
  list_double_elem         = 340283004324324234324242343255834534000.3,3.40283e+38,-1.79769e+308

  list_longint_elem        = -9223372036854775807,9223372036854775807
                                                 
  list_boolean_elem        = True,False,yeS,No
  list_empty               = 
  value_blank              =

  list_mix_ulong           = 4294967295,18446744073709551614
  list_mix_ulong_error     = 4294967295,18446744073709551614, 22
  list_mix_long            = -1,5,-6,-9223372036854775807,9223372036854775807
  list_mix_float           = -1,-9223372036854775807,2.6
  list_mix_double          = -1,-9223372036854775807,2.6,-1.79769e+308
  list_mix_long_double     = -1,-9223372036854775807,2.6,-1.79769e+308,1.18973e+4932

[writer]
  value_string             = "writer"


[Geo]
 center                    = {name=o_point x=3.200000 y=-432.200000 z=4.000000}

